1 0 0 1 3
2 0 1 4 0
3 3 0 0 2
4 3 2 0 0
5 6 1 0 1
6 2 0 1 7
7 9 1 0 1
8 1 9 5 0
9 12 3 0 1
10 0 1 14 4
11 0 1 15 2
12 1 19 4 0
13 0 1 19 5
14 21 4 0 1
15 1 0 2 7
16 8 3 0 2
17 5 0 2 10
18 2 13 5 0
19 14 2 0 2
20 2 0 2 15
21 16 4 0 2
22 2 17 1 0
23 0 2 17 5
24 0 2 18 1
25 0 2 21 1
26 6 2 0 3
27 3 6 3 0
28 3 7 3 0
29 3 0 3 8
30 0 3 14 5
31 0 3 15 2
32 3 0 3 18
33 19 2 0 3
34 4 0 3 19
35 3 20 5 0
36 4 0 3 22
37 8 1 0 4
38 5 0 4 11
39 0 4 12 5
40 0 4 13 2
41 4 13 3 0
42 15 1 0 4
43 4 15 2 0
44 4 15 3 0
45 1 0 4 16
46 18 4 0 4
47 19 4 0 4
48 20 4 0 4
49 5 0 5 6
50 5 7 1 0
51 5 7 2 0
52 0 5 9 1
53 0 5 14 4
54 5 16 4 0
55 5 16 5 0
56 0 5 19 3
57 0 5 20 1
58 5 0 5 20
59 2 0 5 21
60 3 0 5 22
61 6 6 9 8
62 10 14 6 6
63 11 6 7 7
64 6 8 6 19
65 8 8 22 6
66 10 10 6 8
67 6 8 12 7
68 9 6 8 18
69 19 6 8 22
70 14 6 11 11
71 6 11 14 17
72 12 10 8 6
73 12 15 16 6
74 6 12 18 15
75 12 19 11 6
76 10 15 6 13
77 15 6 13 13
78 11 20 6 14
79 18 11 6 14
80 20 21 6 14
81 13 8 6 15
82 16 8 8 6
83 16 12 16 6
84 17 8 13 6
85 6 17 9 10
86 17 6 17 19
87 18 6 17 20
88 6 18 6 21
89 9 22 6 18
90 18 16 20 6
91 6 19 12 17
92 15 6 19 13
93 6 19 13 16
94 21 6 19 16
95 19 17 10 6
96 11 6 21 21
97 13 6 22 16
98 22 18 19 6
99 22 21 9 6
100 22 21 6 22
101 17 15 7 7
102 7 7 17 20
103 20 13 7 7
104 9 7 7 22
105 8 16 15 7
106 19 7 9 11
107 9 13 19 7
108 9 16 15 7
109 7 9 20 12
110 10 15 17 7
111 15 7 10 17
112 11 18 13 7
113 20 7 11 18
114 12 10 16 7
115 12 14 17 7
116 12 17 12 7
117 22 20 7 12
118 7 13 11 21
119 17 7 14 20
120 19 22 7 15
121 22 7 16 10
122 20 7 18 9
123 13 7 18 10
124 18 15 7 18
125 17 22 7 19
126 15 7 19 21
127 7 20 10 9
128 7 20 13 21
129 20 16 11 7
130 7 20 18 19
131 18 7 21 9
132 7 21 17 10
133 7 22 10 20
134 16 7 22 12
135 16 11 7 22
136 7 22 20 18
137 14 8 8 18
138 8 9 9 11
139 8 9 9 12
140 17 8 9 9
141 9 13 21 8
142 15 9 8 9
143 20 17 8 9
144 8 9 21 21
145 11 16 8 10
146 8 11 8 17
147 8 22 8 11
148 11 11 10 8
149 8 11 15 17
150 13 9 12 8
151 8 13 16 22
152 8 14 12 12
153 8 14 12 13
154 22 20 8 14
155 14 8 16 14
156 14 17 8 16
157 16 22 14 8
158 18 14 20 8
159 9 8 18 19
160 21 21 8 19
161 9 18 8 20
162 20 10 18 8
163 8 22 15 12
164 22 16 20 8
165 9 10 11 16
166 16 19 9 10
167 12 11 11 9
168 9 13 12 15
169 9 13 13 21
170 16 19 9 14
171 18 20 9 14
172 14 21 12 9
173 15 9 15 15
174 17 18 9 15
175 14 21 9 16
176 9 17 14 13
177 16 9 18 10
178 9 19 17 20
179 15 9 19 19
180 20 14 20 9
181 12 20 9 21
182 21 14 12 9
183 19 10 10 13
184 14 10 11 22
185 10 12 13 17
186 10 12 19 19
187 14 10 13 21
188 21 10 14 10
189 13 10 14 11
190 10 14 20 13
191 11 11 10 15
192 18 10 15 15
193 14 10 16 12
194 17 21 12 10
195 17 21 22 10
196 17 22 15 10
197 18 12 22 10
198 13 19 10 18
199 18 18 18 10
200 11 10 19 13
201 20 21 19 10
202 14 10 20 22
203 17 13 10 21
204 10 21 17 19
205 11 10 21 20
206 10 21 22 21
207 11 22 14 11
208 11 12 13 22
209 11 12 19 15
210 12 13 11 14
211 15 11 14 20
212 15 11 20 11
213 11 16 19 19
214 17 11 18 11
215 17 16 22 11
216 21 11 17 22
217 13 15 11 18
218 16 17 11 20
219 11 21 12 16
220 12 20 11 22
221 22 21 21 11
222 21 22 11 22
223 17 22 12 12
224 12 18 14 12
225 12 20 15 12
226 13 15 12 14
227 12 14 17 17
228 19 12 16 13
229 22 12 18 14
230 19 12 18 20
231 19 17 18 12
232 12 19 17 21
233 13 18 13 13
234 13 14 20 16
235 14 16 13 16
236 14 18 13 16
237 15 13 16 17
238 20 13 17 16
239 13 18 15 22
240 18 21 15 13
241 13 19 14 21
242 19 16 21 13
243 14 15 15 17
244 18 19 14 15
245 14 16 22 18
246 20 22 14 21
247 21 22 15 15
248 16 15 16 17
249 21 15 17 16
250 15 18 20 21
251 19 16 16 22
252 17 16 17 19
253 18 17 19 20
254 20 21 20 18
255 20 22 18 22
256 19 22 21 22
